"data_assists","data_avg_kal","data_deaths","data_denies","data_games_dire","data_games_radiant","data_gold_spent","data_gpm","data_hero","data_hero_damage","data_hero_healing","data_kda","data_kills","data_last_hits","data_level","data_losses","data_total","data_tower_damage","data_winrate","data_wins","data_xpm"
11.534773837332766,3.0866347129335336,5.636547037587598,2.395572308345721,9547,9289,8873.587591579339,273.79985134848164,86,7838.738569971251,310.2803486970231,2.574503155316944,2.976534296028881,48.02097048205564,14.02495221915481,9226,18836,254.72697765000464,0.510193247,9610,301.49649607135274
11.200325963718821,2.780915777604014,6.071641156462585,3.728032879818594,7090,7022,8361.791130873693,265.4294926303855,20,6233.394063213556,173.15971638024277,2.2357877291878205,2.374574829931973,44.1515022675737,13.533517573696145,6861,14112,768.5060689820936,0.5138180272,7251,296.08177437641723
13.2100581103379,3.1156019560551598,6.042470765478154,2.2671640720281223,7104,6835,7881.996453578248,252.15015424348948,87,6406.488678730563,185.06056197144676,2.6333198774725144,2.7017002654422844,29.037090178635484,13.607145419327068,7234,13939,192.655269618987,0.4810244637,6705,283.7607432383959
12.13630426431041,4.08760904055774,4.506799846331156,1.0627737226277372,6582,6433,12642.063450570342,392.8732232039954,55,10807.127257604563,2101.4049429657794,3.4688693398799786,3.4971955436035342,162.75389934690742,16.254706108336535,6646,13015,400.05941064638785,0.4893584326,6369,406.8713023434499
9.122030488276716,4.575400677048787,4.2749361603342875,15.123810260775361,6583,6340,16510.06813996317,503.40865124197165,74,15834.282504604053,68.77127071823205,3.731885238483121,6.831540663932524,192.1186257061054,18.101833939487737,6576,12923,2664.7404542664212,0.4911398282,6347,508.7480461193221
12.102616970658207,3.8654884529504194,5.075654242664552,3.0990483743061064,6524,6086,11255.01415027593,362.13283108643935,65,11203.199943398897,12.83755483231923,3.2707799512530467,4.498731165741475,126.54472640761301,16.57541633624108,6193,12610,195.70411773029574,0.5088818398,6417,413.5014274385408
7.986898523106241,4.845557697107805,3.814197236779419,14.21613466730189,6373,6221,17258.852975955855,534.7801333968556,8,14140.368151359873,147.84854158454868,3.940981763677242,7.044783230109576,231.9587104970621,18.522788629506113,6094,12594,3675.1243594797006,0.5161187867,6500,520.3023662061299
12.055143244753012,3.193626035307015,5.770489186816695,2.01803527252414,6436,6095,10577.723252332144,330.1699784534355,16,10612.657952320627,36.64827824484625,2.692048126123634,3.479291357433565,98.3109887479052,16.19016838241162,6499,12531,215.12645399055626,0.4813662118,6032,382.02545686696993
11.88058100189816,3.2451582876603657,6.033341586201205,10.512090451431872,5925,6192,10008.984622209078,313.3106379466865,51,14682.798757947656,156.78411947360638,2.7368341859765266,4.6316745068911445,77.2478336221837,15.314434265907403,5954,12117,227.52299275469466,0.5086242469,6163,352.7481224725592
8.324697316061298,5.1508980093181265,3.546609093218186,15.638980611294556,5938,5873,15723.076470588236,487.80848361696724,54,16490.305751633987,1226.0572549019607,4.26238391940605,6.792312251291169,189.68097536195071,18.241385149436965,6025,11811,3190.820522875817,0.4898823131,5786,502.76301752603507
12.163959520367378,3.116672967316637,5.718428437792329,1.6430818947189387,6203,5556,8974.419921875,274.3950165830428,7,9142.94810267857,14.787527901785714,2.6568267328941304,3.028914023301301,61.15588060209201,14.594863508801769,6003,11759,255.734375,0.4894974062,5756,318.6033676333021
9.973695903314672,4.746835619833853,4.027637074557895,8.723806984804053,5709,5544,15016.104141776184,430.3748333777659,9,15531.490840302667,77.00856232576663,4.017959976171039,6.209188660801564,158.9053585710477,16.88394205989514,5268,11253,1780.4484269215452,0.5318581712,5985,446.93521727539326
10.606228250200767,2.929097165154281,5.895333273846703,2.683947532792005,5818,5389,8117.247579864473,262.4313375568841,30,7074.843054211035,2612.256655372701,2.410555631234013,3.6048005710716517,38.28624966538771,13.591416079236192,5770,11207,325.9749515972895,0.4851432141,5437,287.79494958508076
8.813566936208446,5.000974563331072,4.2120395327942495,14.701707097933513,5528,5602,16317.43029680072,483.57906558849953,39,17770.616086342026,10.750738789669793,4.160302901023891,8.709793351302785,200.3964959568733,18.780772686433064,5683,11130,1637.4386483361172,0.4893980234,5447,523.6952380952381
11.30927158526296,3.0746888510876733,5.694478297553202,3.242711165276085,5332,5335,9493.35061728395,288.0670291553389,88,10435.28658436214,73.20312757201646,2.56510215168826,3.2976469485328583,51.35820755601387,15.414455798256304,5110,10667,173.9055144032922,0.5209524702,5557,356.78878785037966
10.676704545454545,4.458806380959576,4.586363636363636,10.482670454545454,5284,5276,15191.225656601751,431.22888257575755,13,16659.64570305521,11.53117741647311,3.697761810373307,6.282575757575757,164.6559659090909,18.00179924242424,5460,10560,994.9937466499911,0.4829545455,5100,487.68958333333336
11.432772296382279,2.8788444966168054,5.726833043141807,1.8962081640549429,5183,5155,7591.80257784584,256.0066744051074,84,6539.325038284839,424.1627105666156,2.4306127964326736,2.4869413813116656,29.49796865931515,13.918649642097117,5448,10338,236.52029096477796,0.473012188,4890,297.9958405881215
11.866543903857337,3.4248044133896443,5.403760418685792,5.330005815080442,5180,5138,9455.855748605749,330.8862182593526,28,6040.458386958387,34.64618189618189,2.7531924815266517,3.0110486528396976,80.96966466369452,15.65439038573367,4929,10318,320.39006864006865,0.5222911417,5389,379.643341732894
10.637192165987978,2.746602227104116,5.93630017452007,2.1497963932518904,5075,5239,8039.992323930148,249.15222028311032,79,7667.871809633468,270.3542506236807,2.2574844431378316,2.763913127787473,39.11721931355439,12.618091913903433,5332,10314,978.8000383803493,0.483032771,4982,257.8791933294551
9.035231143552311,2.6557609355262404,5.038248175182482,2.934403892944039,5302,4973,7488.507923152433,249.847299270073,50,3720.8775767774505,5281.178796802693,2.156892288672539,1.831727493917275,39.85664233576642,12.782092457420925,5143,10275,291.2605525171785,0.4994647202,5132,267.21586374695863
8.175433323314298,4.167588645436592,4.714457469191464,17.39004107804829,5623,4358,18586.399102510168,582.414788097385,11,18144.998737904923,265.6327303323517,3.4044628626075872,7.874762047890993,273.2724175934275,19.59633303276225,4654,9981,3740.036460524471,0.5337140567,5327,572.0910730387736
9.292007679094676,2.301939308721156,6.3796099828230775,2.3823380822471454,5102,4795,7551.284755652809,248.95847226432252,26,5333.763530269876,32.334062727935816,1.9395144047260808,3.081337779124987,32.66535313731434,13.313731433767808,5390,9897,168.09555069292486,0.4553905224,4507,281.90239466505
9.232344558218093,4.570129694595547,4.457933072944157,15.217565713079278,4817,4656,17536.50668576886,520.5988599176608,72,17206.645972620187,8.104743712193569,3.6800615676059674,7.173123614483268,244.3355853478307,18.12129209331785,4823,9473,2625.326488379497,0.490868785,4650,500.65575847144515
11.494944003479395,3.3390963839352668,5.0639338914863545,3.4187234967924325,4635,4562,9095.997842037117,257.4861367837338,68,7931.04078549849,134.49762624082865,2.934747600541086,3.366423833858867,40.420028270088075,13.784386212895509,4653,9197,218.42468709538196,0.4940741546,4544,283.29042078938784
9.774126181578369,4.1917520675358535,4.281820180259397,10.413497471971862,4685,4413,13199.307666777298,423.5867223565619,41,8738.036010620644,348.3433455028211,3.4454769483519874,4.978786546493735,164.99868102879753,17.523521653110574,4682,9098,1475.8119814138731,0.4853814025,4416,466.67970982633545
10.761931126121139,5.110010691033166,4.383567711216919,8.99734248698926,4542,4489,16911.19140625,496.7683534492304,106,19904.5534375,5.88734375,4.284606446397898,8.019931347580556,223.81397408924815,19.360978850625624,4540,9031,1050.69828125,0.4972871221,4491,538.5798914848854
10.581021897810219,3.5811833155135244,5.087928130263896,5.829421673217293,4432,4473,15364.869103773584,497.39382369455365,53,13107.574882075472,140.23054245283018,3.011410788381743,4.740819764177428,209.09477821448624,17.151712521055586,4308,8905,3599.764150943396,0.5162268389,4597,469.27939359910164
8.994916977295832,5.077758703669412,3.7578222071614142,11.067886592115666,4443,4410,15997.406205054447,476.653676719756,63,17854.88288473392,60.87651530717074,4.286190934231093,7.1118264994916975,190.20625776572913,18.663052072743703,4445,8853,3314.5609204848984,0.4979103129,4408,517.2020783915057
11.284225319124019,3.738163120805918,4.613772104461881,3.156927040637077,4242,4297,10873.275042860641,343.2941796463286,29,8480.699975508205,1173.5118785206955,3.0940173109627636,2.99086544091814,111.77456376624897,16.055861342077527,4469,8539,463.77541023757044,0.4766366085,4070,405.498067689425
9.104535065559967,4.258274095582511,4.924696258871647,9.158065680259835,4289,4024,16882.184915852897,490.69541681703356,17,17740.874714315396,868.3343029295658,3.548840958499231,8.372428726091664,208.81787561650427,19.047636232407072,4150,8313,1347.325576563474,0.5007819079,4163,548.3419944664982
10.79336893083323,3.6442775117180903,4.956041226871974,4.309698249099714,4200,3853,12615.135088582678,435.35738234198436,69,10455.66313976378,267.06200787401576,3.103455187792839,4.587482925617782,116.98348441574568,16.43437228362101,3854,8053,525.3144685039371,0.5214205886,4199,424.9646094623122
10.950317519611506,3.3987618468231324,5.306562071971112,5.607022786701531,4021,4010,11755.228141728268,372.20109575395344,96,10572.533520265102,7.826408360948254,2.859351901823216,4.223010833022039,127.24542398206948,16.670651226497323,3956,8031,1262.6087178179964,0.5074087909,4075,421.2448013945959
7.898681829930214,4.751447989651201,4.116179891444818,11.713491858361333,3972,3766,16450.281563126253,500.54510209356425,93,14401.188176352705,0.7276553106212424,3.870302345295281,8.03217885758594,208.65016800206772,18.931377616955285,4124,7738,2294.335871743487,0.4670457483,3614,545.808348410442
8.833441854408125,3.957962653924521,4.794244042192994,16.867300429743455,3794,3885,13936.054759898905,440.2818075270217,47,15305.375737152484,558.5857905082842,3.1972837158766803,6.495116551634327,161.49472587576508,16.9949212136997,4031,7679,2449.9300758213985,0.475061857,3648,456.85505925250686
11.089994775339603,2.762646259365354,5.983672936259143,2.8060344827586206,3866,3790,9234.313891236969,280.7739028213166,64,9762.178641870949,214.5156382079459,2.2970902185064723,2.6550417972831766,65.87591431556949,14.50248171368861,4063,7656,1670.8543251620174,0.4693051202,3593,328.14145768025077
9.123456790123457,4.683730858702531,4.111376609584495,15.000265498473384,3688,3845,17952.22693421597,573.5937873357228,48,18194.819817956144,4.429458005792305,3.786865131897582,6.445771936811363,256.8417629098633,18.615159962830212,3552,7533,5098.322714108399,0.5284747113,3981,533.3787335722819
9.8359343737495,2.723185741079276,5.6860077364279045,3.403227957849807,3778,3719,7741.975925505337,243.32759770574896,3,6434.673858732683,112.91528503293209,2.261612085952895,3.023609443777511,25.664932639722554,13.51047085500867,3562,7497,237.16897569838747,0.5248766173,3935,287.6489262371615
8.070418742426282,3.552607479065037,5.246398276558502,5.766123603069881,3758,3669,15869.167797376753,457.9244647906288,98,18075.764360018093,846.6892808683854,2.8312844860772493,6.783627305776222,193.12360306988018,17.973475158206544,3914,7427,547.2589326096788,0.4730039047,3513,503.29069610879225
10.01137903007315,3.0049379954831257,5.8657545380655645,2.6067461392576536,3721,3661,8719.269960299956,258.07680845299376,101,10884.213056903396,107.50286722540802,2.547192905475624,4.929829314548902,32.36087781089136,13.680709834733134,3913,7382,244.17776797529774,0.4699268491,3469,294.6039013817394
6.804795961295751,4.548713324809078,4.053989622773805,15.482400785303604,3534,3597,17697.85378414689,549.8558406955547,46,16173.24025974026,0.8938647559337215,3.611816389359715,7.837470200532884,223.95414387883886,19.061702426027207,3339,7131,3518.87012987013,0.5317627261,3792,575.931426167438
14.62429696287964,3.3482009135441912,6.14974690663667,1.0749437570303713,3638,3474,8436.877318116976,273.63948256467944,107,9231.875606276748,534.9409415121255,2.873905389029883,3.0494938132733407,33.14412260967379,14.95556805399325,3452,7112,129.2583452211127,0.5146231721,3660,316.8517997750281
11.524369509776141,2.9227723367308185,5.901813544913574,1.1061207140833098,3634,3424,9025.76943771859,271.87432700481725,5,8399.817594834543,239.7519504977132,2.3964229984395633,2.6188722017568717,48.867242844998586,13.942476622272599,3333,7058,217.23728813559322,0.5277699065,3725,302.70430716916974
12.018798063229848,2.910902680692028,6.164910281970949,1.9118484762176018,3657,3365,7336.094966268812,254.34135573910567,91,5528.38894654904,6666.3002075765435,2.3877338877338876,2.7013671318712618,30.609228140131016,13.649672457989176,3107,7022,284.1865594187857,0.5575334662,3915,309.22401025348904
6.8498636428879,4.1316463791586004,4.306301133917038,18.3925649490455,3504,3463,15527.264890282131,486.4682072628104,76,17161.193769592475,13.003330721003135,3.281647890140657,7.281900387541266,194.61791301851585,18.028132625233244,3448,6967,1565.891065830721,0.50509545,3519,503.41624802641024
9.069120417330822,3.964899468984768,4.780611505578902,16.96667149688451,3537,3364,15936.845891384703,467.4351543254601,15,17112.58686380438,174.32044355985215,3.253341820496499,6.483842921315751,201.45326764237066,18.044486306332416,3566,6901,2307.0258743247086,0.4832632952,3335,489.1092595276047
7.971056863031721,3.0050619081507772,6.114456950738196,2.7300102324221607,3421,3420,11626.484328209222,400.36281245431957,2,12047.17728089439,5.792972649231383,2.428984675703459,6.88086537055986,138.43224674755152,16.874141207425815,3557,6841,335.941704931124,0.4800467768,3284,436.1435462651659
8.073681108163866,3.192053163620166,5.681550250515768,5.9033303860890065,3458,3328,14838.971423054643,420.5950486295314,25,14533.485614983589,492.1548561498359,2.6435481779276357,6.945770704391394,173.7848511641615,17.311818449749484,3514,6786,1799.0739525004826,0.4821691718,3272,448.18302387267903
9.725155044622598,2.2081884116980914,6.723642414158221,2.796702465587657,3281,3330,8689.582480818415,294.4645288156103,27,7498.621163682865,41.3673273657289,1.8769403824521933,2.8947209196793224,65.73120556648011,13.544244441083043,3356,6611,2143.1812659846546,0.4923612162,3255,295.5761609438814
9.01906941266209,3.557484959636209,4.757894736842105,3.718993135011442,3294,3261,11436.888051044083,302.7990846681922,92,11506.085846867749,106.99651972157773,3.0834615877901754,5.651716247139588,61.82547673531655,13.74233409610984,3097,6555,2133.7790023201856,0.5275362319,3458,313.9952707856598
8.62442678080098,3.975096465917316,4.354020177315806,7.561449098135127,3406,3136,14832.17702737273,453.5750535004586,49,13185.202865182911,4.489639293937068,3.1982516500491505,5.300825435646591,176.34179150107002,17.437939468052583,3278,6542,3287.182655410591,0.4989299908,3264,472.9364108835219
8.451699604743084,4.07786524620007,4.6167588932806325,10.315573122529644,3112,3213,15181.225083056477,476.7818181818182,43,15621.142857142857,25.11157253599114,3.2702989623643024,6.646482213438735,193.0314624505929,18.07604743083004,3208,6325,2998.737818383167,0.4928063241,3117,497.4597628458498
10.1162456028142,3.291318496165004,4.931723696834026,4.48081228014071,3225,3029,11849.831469810937,385.8455388551327,38,8592.053059564952,137.54238666395608,2.7519048082222874,3.4553885513271507,138.0241445474896,16.23297089862488,2914,6254,1818.0892457816628,0.5340582028,3340,411.9574672209786
8.29726688102894,3.722168978818189,4.542604501607717,10.166881028938906,3186,3034,13524.018998272884,393.36897106109325,21,12672.735175590098,51.19804260218768,3.090391081224562,5.741157556270097,139.77459807073956,16.37411575562701,3448,6220,1903.9896373056995,0.445659164,2772,420.6225080385852
12.96598420119297,2.939671117544671,6.581009189102048,1.9558278252458488,3153,3050,9004.55047318612,295.1987747863937,100,8629.474062390465,528.2888187872416,2.515261378668365,3.586974044817024,54.26793487022408,15.002095760116072,3131,6203,186.33771468629513,0.4952442367,3072,341.1691117201354
12.112720092150733,3.246761825517122,5.734243870330755,1.481816685864736,3008,3069,9781.378422653874,341.160770116834,62,6888.544348233091,966.3952726421718,2.807300484977186,3.985025506006253,34.27085733091986,14.148922165542208,2773,6077,144.08261174818628,0.5436893204,3304,323.85716636498273
11.301048427358962,3.807799798105149,4.956398735230487,4.146114162090198,3052,2957,10091.704978488015,329.9134631386254,60,8169.555009219423,345.8262651096087,3.162206627942115,4.3721085039108,82.40389415876186,15.852554501580961,3011,6009,588.1497643925425,0.4989182892,2998,376.64952571143283
11.035378940308517,3.2036274945915255,5.535714285714286,5.463950368879947,3004,2960,9405.671163960667,298.6852783366868,75,10302.09993139721,179.4797621769952,2.7152203543843707,3.995305164319249,66.66616364855801,14.72300469483568,3240,5964,598.3619940544248,0.4567404427,2724,327.27665995975855
9.12062937062937,4.211567817287632,4.672552447552448,9.672727272727272,2969,2751,17196.44398124023,507.4896853146853,34,31365.0656591975,239.42626367899948,3.541624574400419,7.427797202797203,257.28811188811187,18.956818181818182,3046,5720,92.57295466388744,0.4674825175,2674,504.4230769230769
9.601848560255954,3.448882499427583,4.667792392463562,4.800568787771063,2789,2837,11626.018793273986,368.0053323853537,97,8655.422354104847,55.26145730300033,2.8921213967480295,3.8979736935655884,127.55439033060789,16.894952008531817,2930,5626,515.9577975601715,0.4792036971,2696,433.8496267330252
12.414834673815907,3.101895084385707,5.91349419124218,5.615370866845398,2876,2719,14392.003374103753,364.2248436103664,40,22937.31674398988,270.15141290594687,2.6906848818231275,3.496514745308311,134.5587131367292,15.693118856121536,2736,5595,1917.6630113876001,0.5109919571,2859,380.91760500446827
10.31520572450805,4.337714379111833,4.293559928443649,8.970661896243291,2775,2815,12341.332799145299,392.6343470483005,78,12092.10202991453,551.7622863247864,3.6073496937627603,5.173166368515206,132.13542039355994,17.53810375670841,2616,5590,1210.837606837607,0.5320214669,2974,462.778175313059
13.384051329055913,3.6138245502497086,5.649495875343721,3.1574702108157653,2683,2772,8494.860586011342,284.1231897341888,85,5811.100897920605,1986.3861058601135,2.991466026348238,3.5162236480293307,45.00788267644363,13.84436296975252,2747,5455,275.16446124763706,0.4964252979,2708,310.5142071494042
9.632754800590842,3.735418839800558,4.026403249630723,4.236152141802068,2744,2672,15665.994005994005,412.67817577548004,89,11729.331668331668,412.75074925074927,3.1627917641124412,3.1019202363367797,208.28932791728212,15.569793205317577,2658,5416,1160.3936063936064,0.5092319055,2758,372.1652511078287
10.561053024645258,3.1828325223106777,5.284540702016431,2.7337565347274086,2639,2717,7928.271049983227,249.0911127707244,31,8445.11070110701,352.00167728950015,2.6279324477105708,3.3263629574309186,33.45817774458551,14.321882001493652,2727,5356,236.89869171418988,0.4908513816,2629,319.01904406273337
10.087600825361095,4.037714687451107,4.433314575126618,4.708872631776402,2806,2525,25689.50767502808,612.1288688801351,73,16621.025084238114,19.06102583302134,3.2684268426842684,4.402363534046145,213.06677921590696,17.464078034139938,2668,5331,2643.633096218645,0.4995310448,2663,497.18683173888576
13.64468934068022,2.945378780744801,6.898536956108683,2.0053201596047883,2828,2435,8685.659303882196,292.1700551016531,71,7553.835341365462,397.8302097278001,2.547222298730272,3.927417822534676,51.010070302109064,14.694660839825195,2666,5263,286.6278447121821,0.4934448033,2597,337.1265437963139
6.539514263685428,5.464349542023983,2.9720508866615267,20.004626060138783,2637,2551,18108.168658245137,544.3274865073246,10,16238.334926596108,25.04165244110618,4.742720020753615,7.55609097918273,253.14629915188897,18.962027756360833,2520,5188,4334.0662342096275,0.5142636854,2668,540.4281033153432
12.782989490073959,3.6861168450947366,4.935967302452316,2.2713117944725574,2630,2508,8884.733664772728,297.07629427792915,103,10109.754971590908,231.7109375,3.1926974488387683,2.9760607240171275,76.06033476060723,14.885753211366291,2459,5138,205.4669744318182,0.5214091086,2679,337.183534449202
8.225324419976406,4.101406964487711,4.499803381832481,10.142351553283524,2548,2538,17337.339749759383,522.8545025560362,18,13818.4020692974,16.075072184793072,3.223979725596435,6.2819504522217855,245.4777821470704,18.524773889107355,2606,5086,3103.6133301251202,0.4876130554,2480,525.2353519465198
8.643379366368805,3.373027847275192,4.06336311941511,0.8501218521527214,2512,2412,9702.23595505618,304.87835093419983,66,5375.571963616908,3162.318352059925,2.8092263094762093,2.771527213647441,89.21242891957758,12.950040617384241,2110,4924,1593.533975387908,0.5714865963,2814,283.22034930950446
9.615933170334149,3.155637006755253,4.639160554197229,1.5275061124694378,2432,2476,9824.006700167503,298.3958842705786,90,8850.250586264656,2399.0167504187607,2.515305898370592,2.0529747351263246,93.63773431132844,13.837815810920945,2409,4908,231.28375209380235,0.5091687042,2499,294.1982477587612
7.8127165274098225,4.582369568139896,3.131241084165478,11.1762787854086,2490,2417,17919.2344224924,519.662726716935,80,14046.620060790274,82.44338905775076,3.926716563618614,4.482779702465865,216.13348277970246,17.944772773588753,2297,4907,5468.745440729484,0.5318932138,2610,501.68534746280824
12.397699260476582,3.917511461228231,4.901396877567789,4.024034511092851,2459,2409,9374.378048780487,316.5084223500411,23,8695.937669376694,386.3547425474255,3.2333612740989106,3.4502875924404273,89.01191454396056,15.286565324568612,2543,4868,324.9991869918699,0.4776088743,2325,357.5868940016434
5.1969822240595285,4.479449908898149,3.0845390657296403,17.407606448945845,2429,2409,21109.373958333334,620.1335262505168,1,12413.718055555555,73.60416666666667,3.8209475306573744,6.588879702356346,341.2273666804465,20.367920628358824,2465,4838,4022.871527777778,0.4904919388,2373,629.075651095494
10.365747460087082,2.823356088948558,5.442877876840141,1.6794526228488493,2470,2353,8666.76137555043,281.4258760107817,112,6857.423778569931,367.4824910882785,2.3635290084187264,2.498652291105121,56.052456976985276,14.07754509641302,2415,4823,169.01677500524218,0.4992743106,2408,298.67157370930954
10.70394173093402,3.293962110653571,5.386461011139675,2.0897600685518425,2430,2238,7649.9110821947515,260.4794344473008,111,5698.633918889612,5055.545001084363,2.716950365892459,3.9308054841473865,28.990359897172237,13.129605826906598,2433,4668,252.01040988939494,0.4787917738,2235,275.9436589545844
8.651203121612832,3.2405930711116233,5.260567960112725,7.4168653804465645,2269,2344,13317.4621886121,421.28874918708,99,15139.603202846974,198.28336298932385,2.590802324143899,4.977888575764145,164.28202904834166,16.796228051159765,2692,4613,1643.9853202846975,0.4164318231,1921,446.43789291133754
7.54962833406209,4.727172954661722,4.5710537822474855,10.591167468299082,2185,2389,14994.446592556791,484.94293834717973,70,16505.23900434993,175.2713871435476,3.6233499139085525,9.012898994315698,169.85330126803672,18.416484477481415,2188,4574,1808.4734171097148,0.5216440752,2386,500.6097507651946
8.68995152049361,4.496721520574968,4.772807404142794,10.561921551344204,2253,2285,15780.765323992995,513.1372851476422,19,17181.49357851722,26.607122008172798,3.5113809501823723,8.069193477302777,214.80542089026002,18.615469369766416,2215,4538,3025.4772329246935,0.5118995152,2323,513.4660643455267
9.423155044008125,3.112208840257024,5.712931618144888,6.93613179869104,2247,2184,12600.329070077272,410.66012186865265,104,14479.885158539835,125.87503330668798,2.619301572252508,5.540735725569848,152.65989618596254,18.357255698487926,2297,4431,1611.6967759126032,0.4816068608,2134,471.6547054840894
8.046490634168359,3.929606903282677,4.251861882193635,13.29970661250282,2247,2184,14550.16651851852,511.71744527194767,6,9934.197333333334,4.587259259259259,3.088269639065818,5.084405326111487,198.06815617242157,16.932972241029113,1981,4431,4329.706370370371,0.5529225908,2450,479.73730534867974
8.686270074643746,3.0389037221403137,4.5222800271431804,4.192490386790319,2289,2132,9740.058727123736,317.22777652114905,57,5943.564326686697,4913.381589729582,2.396788876106637,2.1526803890522506,76.24587197466637,14.880343813616829,2181,4421,471.6058453974324,0.5066726985,2240,349.42094548744626
11.068558456299659,3.543484251755346,4.653575482406357,10.112145289443815,2144,2261,13577.771526980481,399.33098751418845,33,11053.791618828933,1134.629735935706,2.991219083857749,2.851305334846765,161.8272417707151,16.197729852440407,2047,4405,1897.2611940298507,0.5353007946,2358,403.63473325766176
8.164042892995665,3.589546915448796,4.362308920830482,2.754962354551677,2219,2164,11238.646140503037,331.3066392881588,58,11015.062445793583,1090.0212489158716,2.9620815899581587,4.757472051106548,96.09080538443988,14.652292950034223,2190,4383,1488.8052905464008,0.5003422313,2193,343.15309148984716
10.138074347725698,3.2303770777570167,5.740475640729624,5.894250750404064,2120,2211,14555.872119295074,380.1653197875779,52,14731.70718481699,564.1509263443289,2.684297321213096,5.271069037173863,136.76910644193026,15.7437081505426,2064,4331,2466.218707636692,0.5234356961,2267,392.68229046409607
11.662755221778925,3.7115312941531986,4.961511382304623,4.024876789486036,2076,2185,8901.472611802064,292.44050692325743,37,10508.519978830378,4749.474728764223,2.9911073269949386,3.1776578268012203,57.6153485097395,14.894625674724242,2164,4261,680.7552262503308,0.4921379958,2097,325.6866932644919
10.388494318181818,4.164028289612138,4.5319602272727275,8.732954545454545,2059,2165,14998.415204678364,412.2019412878788,42,13913.691228070174,1506.5263157894738,3.400773128558742,5.023674242424242,143.6953125,16.642755681818183,2174,4224,2109.9947368421053,0.4853219697,2050,440.26065340909093
7.822368421052632,4.4220686643921505,3.4892787524366473,9.12037037037037,2003,2101,16038.497830802604,515.4778265107212,77,12429.286334056398,4707.883947939263,3.82213687150838,5.514132553606238,207.26437621832358,17.94517543859649,1779,4104,5427.104663774404,0.5665204678,2325,503.3340643274854
9.67170731707317,3.356049042918663,4.3585365853658535,3.8329268292682928,2147,1953,10671.148409893993,315.28439024390246,102,10404.818217510798,2487.2273262661956,2.8375489647453835,2.6958536585365853,81.11146341463414,15.067804878048781,2032,4100,1161.6552807224186,0.5043902439,2068,368.1770731707317
7.423418972332016,4.663046001333427,3.5585474308300395,12.53112648221344,2047,2001,18288.51106953539,532.4372529644269,12,14678.52634861241,13.948861864671033,3.9450190905935436,6.615118577075099,277.89130434782606,19.54323122529644,2095,4048,2789.437480511381,0.4824604743,1953,544.0812747035573
7.729682854311199,2.2870511576644366,4.8082259663032705,2.4757185332011895,2012,2024,7773.1322580645165,236.6362735381566,83,3523.4754838709678,2070.22,1.9323405132433267,1.5614469772051536,33.45738354806739,13.128097125867194,1825,4036,197.53870967741935,0.5478196234,2211,278.5232903865213
13.87425298804781,4.669620409249741,5.180278884462151,3.2973107569721116,2127,1889,13307.6414083429,393.65637450199205,22,23578.92039800995,142.79640260237275,4.019900019227072,6.949950199203188,142.2313247011952,17.39516932270916,2028,4016,236.02449292001532,0.4950199203,1988,451.49003984063745
8.29454253611557,4.211328325735016,4.4010165864098445,15.15382557517389,1863,1875,17191.536394723986,523.2057249866239,95,13997.891548607719,202.19394235466535,3.2861832107470668,6.168004280363831,232.13081861958267,18.972445157838415,1869,3738,4680.684904738642,0.5,1869,537.1730872124131
12.464026770775236,3.3552303272717867,5.667038482989403,3.220022308979364,1830,1756,9818.888705416117,316.7783045175683,110,10346.420409511229,1951.2810435931308,2.8993209329790375,3.966536530953709,71.72336865588399,15.695761293920803,1874,3586,193.79161162483487,0.4774121584,1712,364.6893474623536
10.20608965322808,4.932419634977568,4.824076684522131,16.535663941358894,1796,1751,16764.96437994723,515.1009303636877,35,24765.7308707124,1.5224274406332454,3.9218631289813577,8.713278827177897,227.83930081759235,18.647871440654075,1780,3547,3105.189533861038,0.4981674655,1767,494.1832534536228
12.212018140589569,2.7278615729654696,7.353174603174603,1.584750566893424,1867,1661,8940.786123273829,310.0674603174603,14,11593.419669922532,330.96800269450995,2.4116105157659398,5.520975056689342,48.44019274376417,15.439342403628117,1737,3528,209.006399461098,0.5076530612,1791,357.6374716553288
12.837876206700738,5.478118560553549,4.478421351504827,12.891822827938672,1805,1717,16697.614814814817,485.6113003975014,67,19277.68472222222,137.1712962962963,4.596652507449439,7.747870528109029,232.82907438955138,18.61215218625781,1874,3522,1444.3314814814814,0.4679159568,1648,511.99063032367974
8.0122878876536,4.49602513166903,3.8373317729666474,12.602399063779988,1720,1698,19609.883372209264,595.8741954359274,109,17348.341552815727,8.250583138953681,3.713784690454407,6.238736102984201,311.1828554710357,18.8806319485079,1623,3418,6184.007997334222,0.5251609128,1795,501.0743124634289
7.760610687022901,4.690310446501062,4.395114503816794,11.101679389312977,1641,1634,15107.321096654276,498.55725190839695,44,16622.48884758364,192.23791821561338,3.6782687230790607,8.405801526717557,198.08977099236643,18.164274809160304,1782,3275,2177.1765799256505,0.4558778626,1493,515.7520610687023
8.089655172413794,4.619516821438004,3.568144499178982,13.386863711001642,1537,1508,18599.81587757054,563.7871921182266,94,16553.985652797703,1.3902439024390243,3.668476760239301,5.0,308.41642036124796,19.635467980295566,1625,3045,3465.890004782401,0.4663382594,1420,557.535960591133
9.856692361597757,4.168904653870801,5.209880868955851,12.298177995795374,1468,1386,14158.042947779404,448.2375613174492,36,17836.447535383115,3627.077110785749,3.279843970677248,7.230903994393834,191.39873861247372,18.169936930623685,1431,2854,1507.8565153733527,0.4985984583,1423,472.45339873861246
6.115356083086054,4.001274729239361,4.298961424332345,11.678783382789318,1337,1359,15561.534391534393,501.8316023738872,56,15106.486184597296,0.9271017048794826,3.3373597929249352,8.231824925816024,185.7106824925816,18.402448071216618,1314,2696,4647.328042328042,0.512611276,1382,528.509643916914
10.058845577211395,3.4097865435566796,5.492503748125937,7.04647676161919,1403,1265,13229.160679294579,419.27548725637183,45,19210.177661659047,926.4565643370346,2.774669032346117,5.181034482758621,150.5937031484258,16.409295352323838,1340,2668,4302.3559764859565,0.4977511244,1328,411.8538230884558
8.529388403494837,4.048270284217624,4.960683081810961,13.511517077045275,1283,1235,14654.098414795244,445.61397934868944,81,14253.152575957727,14.996036988110964,3.1902169562084697,7.29626687847498,163.81969817315328,17.222795869737887,1306,2518,2838.827608982827,0.4813343924,1212,454.5806195393169
8.961093098656786,3.8872361340793757,5.395553496989347,15.282075034738305,1087,1072,16725.623955431754,492.6896711440482,4,18309.621169916434,1248.5392757660168,3.1541763241479956,8.057433997220935,217.08939323761,19.086150995831403,1123,2159,2010.5593314763232,0.4798517832,1036,518.6512274201019
12.35784543325527,3.40136507998438,6.128805620608899,2.5920374707259954,1064,1071,8642.856763925729,298.55409836065576,32,8932.833952254641,182.2631299734748,2.847841039358044,5.096018735362998,44.31803278688525,14.944262295081968,1081,2135,211.94376657824932,0.493676815,1054,347.0950819672131
11.907699665231947,3.327178044351268,5.1759923481587755,4.525585844093735,1034,1057,12444.099903474904,399.00095648015304,108,13582.083494208495,2315.5250965250966,2.806985124272383,2.6212338593974174,164.01578192252512,18.392156862745097,1066,2091,1365.8484555984555,0.4901960784,1025,442.5820181731229
5.476003917727718,3.1012548965201354,4.4289911851126345,5.123898139079334,996,1046,15513.05918788713,505.3594515181195,61,10973.994494150034,42.514796971782516,2.5495356037151704,5.81586679725759,215.26934378060724,18.724289911851127,978,2042,2635.0942876806607,0.5210577865,1064,552.1224289911851
5.807334109429569,2.961780156101889,5.771827706635623,15.565192083818394,881,837,13453.472602739726,485.22642607683355,59,15390.202054794521,24.660273972602738,2.356192012908431,7.792200232828871,159.1804423748545,16.5058207217695,824,1718,4097.694520547945,0.5203725262,894,463.40395809080326
10.974862047823422,3.4973753183024785,6.006744328632741,10.00674432863274,816,815,13892.711028958718,413.76701410177805,114,16860.143561306224,39.53912507701787,2.9232418087169543,6.584304107909258,169.41140404659717,18.96689147762109,825,1631,1606.1521873074553,0.4941753525,806,470.06744328632743
5.910910264686895,3.2958499265491623,5.8082633957391865,3.2466107165913494,846,703,17138.226982680037,609.7559715945771,82,15412.443938012762,2.087511394712853,2.4853840168945203,8.524854744996771,262.64364105874756,21.53582956746288,779,1549,4607.8477666362805,0.4970948999,770,759.5771465461588
12.234234234234235,3.3410515755252597,6.2594594594594595,4.904504504504504,278,277,10005.414414414414,300.44144144144144,119,12792.145945945946,405.45765765765765,2.755613126079447,5.014414414414414,50.22342342342343,17.562162162162164,287,555,296.94054054054055,0.4828828829,268,383.236036036036
10.29073482428115,4.390448555704147,4.897763578274761,13.738019169329073,162,151,22952.83870967742,621.0159744408945,113,31037.854838709678,10.603225806451613,3.6477495107632087,7.575079872204473,310.38658146964855,21.191693290734825,155,313,3661.2129032258063,0.5047923323,158,550.7731629392971
12.668202764976959,3.9333391135036497,5.649769585253456,4.8341013824884795,122,95,15026.543778801843,434.5299539170507,120,17724.824884792626,524.9032258064516,3.189233278955954,5.350230414746544,198.6082949308756,20.308755760368662,122,217,370.2534562211982,0.4377880184,95,509.89400921658984
5.934782608695652,1.3539766197925487,9.081521739130435,1.25,97,87,10260.762195121952,338.32065217391306,105,13324.05487804878,18.04268292682927,1.3518850987432673,6.342391304347826,106.3586956521739,14.679347826086957,103,184,798.5365853658536,0.4402173913,81,325.625
